######## gate 0  K=1.5 ########
bundle=course_g0  run=20260607_194615_course_60s  n_frames=60  range [0.385, 23.328] m  weights=gate_yolo11s_curriculum_v2.pt  gates=6

DETECTION: 60/60 frames had >=1 detection; 53/60 associated + solved a pose.

 range gid  bear   spd    sc  nc reproj  rngErr    offN    offE    offD  |fix|    maha
   0.7   0  41.4   4.0  0.70   4   3.45   +8.01   +6.75   +4.19   +1.07   8.02   972.4
   1.2   0  32.1   4.3  0.78   4   4.39   +7.59   +6.24   +4.21   +1.10   7.61   837.5
   1.8   0  28.8   4.6  0.81   4   2.27   +6.78   +5.17   +3.43   +3.17   6.97   870.2
   2.6   0  24.6   5.0  0.54   4   1.17  +10.23   +7.94   +6.27   +2.67  10.46   495.4
   3.3   0  21.8   5.2  0.59   4   1.07   +8.29   +8.04   -0.59   +2.67   8.50   295.7
   4.7   0  14.9   5.4  0.80   4  10.26   +0.12   +0.07   +0.19   -0.47   0.51    31.1
   5.4   0  14.6   5.4  0.46   4   2.66   +0.07   +0.03   +0.13   -0.36   0.39    15.7
   6.1   0  14.3   5.4  0.93   4   3.32   -0.42   -0.47   +0.16   -0.44   0.66    39.8
   7.0   0  14.7   5.4  0.71   4   0.14   +5.34   +5.42   -0.14   -0.14   5.43   105.7
   7.8   0  14.7   5.5  0.37   4   1.22   +4.51   +4.58   -0.09   -0.12   4.58    76.0
   8.5   0  14.9   5.5  0.88   4   0.37   +0.45   +0.33   +0.53   -0.55   0.83    22.2
   9.3   0  14.9   5.5  0.92   4   1.35   -0.03   -0.16   +0.44   -0.65   0.80    24.1
  10.0   0  14.8   5.6  0.92   4   0.77   +0.01   -0.15   +0.54   -0.76   0.95    28.8
  10.7   0  15.0   5.7  0.95   4   1.49   -0.68   -0.82   +0.35   -0.75   1.17    34.7
  11.6   0  15.6   5.7  0.94   4   0.78   -0.29   -0.49   +0.55   -0.85   1.12    30.6
  12.4   0  15.8   5.8  0.95   4   0.79   -0.38   -0.60   +0.56   -0.92   1.24    32.1
  12.5   1  12.7   5.3  0.85   4   0.49   +0.02   +0.00   +0.26   -0.15   0.30     1.9
  13.2   0  16.2   5.9  0.94   4   0.56   +0.18   -0.10   +0.81   -1.06   1.33    31.0
  13.2   1  12.9   5.4  0.91   4   0.19   -0.08   -0.10   +0.31   -0.26   0.41     3.1
  14.0   0  16.6   5.9  0.93   4   0.40   +0.14   -0.13   +0.75   -0.99   1.25    24.6
  14.0   1  13.1   5.4  0.29   4   0.52   -0.82   -0.85   +0.29   -0.22   0.92     5.0
  14.7   0  17.7   6.0  0.93   4   0.66   +0.68   +0.47   +0.70   -0.75   1.13    11.5
  14.8   1  13.6   5.4  0.49   4   0.48   -1.76   -1.78   +0.25   -0.16   1.81    11.7
  15.5   0  19.8   5.9  0.92   4   0.33   +0.11   +0.20   -0.29   -0.20   0.41     2.1
  15.6   1  13.9   5.5  0.88   4   0.11   +0.95   +0.91   +0.57   -0.29   1.11     4.6
  17.0   1  14.5   5.6  0.68   4   0.52   -0.14   -0.20   +0.58   -0.38   0.72     5.7
  17.8   1  15.2   5.7  0.85   4   0.35   +0.06   -0.01   +0.57   -0.52   0.77     6.0
  17.9   0  34.4   4.8  0.51   4   1.23   -0.79   -0.82   -0.13   +1.36   1.59    22.8
  18.5   1  15.4   5.9  0.92   4   0.19   +0.02   -0.09   +0.75   -0.60   0.96     8.7
  18.9   0  17.4   3.2  0.76   4   0.27  +25.42  +23.22   +6.45  +11.44  26.67    57.9
  19.4   1  14.0   6.1  0.80   4   0.58   -1.11   -1.25   +0.82   -0.57   1.60    14.2
  20.9   1  12.6   6.5  0.46   4  29.67  -17.62  -17.73   -0.79   +2.13  17.88 226291.0
  21.3   0  41.7   6.5  0.92   4   1.19   -0.40   -0.07   -3.40   +4.27   5.46   220.0
  22.6   0  11.8   8.4  0.83   4   0.75   +1.11   +0.86   +1.95   -0.75   2.26    21.2
  23.1   0  23.6   1.6  0.88   4   0.42   -0.98   -0.98   +0.03   -0.41   1.06     1.4
  23.2   0  22.8   1.1  0.90   4   0.27   -0.17   -0.16   +0.02   -0.28   0.32     0.5
  23.3   0  19.7   1.4  0.89   4   0.08   +5.65   +5.65   +0.22   -0.04   5.66     3.9
  23.3   0  10.0   1.2  0.88   4   0.35   -0.50   -0.49   -0.07   -0.24   0.55     0.4
  28.1   1  26.4   5.3  0.28   4   0.07   +0.61   +0.44   +0.51   -0.68   0.95     2.1
  40.2   1  21.4   5.7  0.93   4   0.32  -23.42  -22.60   -4.88   +5.78  23.83  1081.8
  47.0   1  24.9   3.3  0.27   3   0.00  -44.63  -44.44   -1.70   +5.11  44.76  2468.7
  50.2   2  10.4   6.6  0.87   4   0.49  -29.89  -29.80   -4.52   +7.82  31.14  1754.1
  50.9   2  11.4   6.7  0.82   4   0.24  -30.61  -30.64   -4.88   +7.65  31.96  1954.0
  51.4   2  11.9   5.8  0.64   4   0.80  -30.38  -30.22   -4.54   +7.74  31.52  1520.1
  52.1   2  11.3   4.8  0.93   4   0.06  -26.81  -26.36   -4.06   +7.39  27.67   588.3
  52.7   2  12.4   4.1  0.74   4   0.37  -30.78  -29.61   -0.50   +8.72  30.87   380.8
  74.3   2  39.7   6.9  0.91   4   0.57  -50.40  -49.76   -7.32  +11.60  51.61  2723.7
 114.1   3  38.6   5.8  0.34   4   0.29 -101.45  -99.79   -1.23  +21.64 102.12 59723.2
 131.1   4  20.5   5.4  0.27   4   0.21  -98.49  -96.46  -10.75  +21.42  99.39  2719.2
 135.3   4  28.7   6.1  0.57   4   8.17 -118.19 -116.37   -8.95  +22.79 118.92 18087.2
 138.5   5  17.3   3.7  0.69   4   0.31 -115.04 -113.03   -2.89  +21.31 115.05  3723.0
 155.9   5  11.6   4.1  0.93   4   0.42 -137.72 -135.15   -9.72  +26.98 138.16 22602.5
 158.4   5  10.6   5.8  0.92   4   0.21 -137.95 -135.48   -8.81  +30.80 139.21 26762.1

BY RANGE BAND:
        band frames  det% assoc% fix_p50 fix_p90 fix_max rngErr_p50
      1.8-5m     14  100%   100%   14.17   31.83  115.05      13.93
       5-10m     14  100%    86%    0.89    4.28    5.43       0.28
      10-15m     10  100%   100%    1.15    1.38    1.81       0.34
      15-24m     22  100%    77%   23.83  126.61  139.21      23.42

TAIL: 35/53 fixes are wrong-gate or |fix|>=3 m (frontal-PnP depth flip / background gate). Clean subset = gate 0, |fix|<3 m, N=18.
ROBUST WORLD-FIX OFFSET FIT  off = intercept + slope*range  (intercept = noise floor; slope -> angular/calibration bias):
  N:  intercept -0.11 m   slope -0.006 m/m  (= -0.3 deg)
  E:  intercept +0.33 m   slope +0.005 m/m  (= +0.3 deg)
  D:  intercept -0.79 m   slope +0.021 m/m  (= +1.2 deg)
  clean |fix|  p50 1.00  p90 1.41  max 2.26 m

FULL SET (N=53, tail included):
  WORLD-FIX |error|  p50 1.81  p90 89.84  max 139.21 m
  REPROJ px          p50 0.49  p90 3.19  max 29.67
  fix-cov Mahalanobis (off^T cov^-1 off, dof=3, chi2.999=16.27): p50 32  -> the analytic PnP cov UNDERSTATES the true fix error if >>16.

GATE TRADE-OFF  (chi2_0.999=16.27, cov_inflation=1.50, good<1 m, catastrophic>=3 m):
  GOOD fixes (keep)    N= 16   rejected   5  (  31%)   <- minimise (good-fix yield loss; target <5%)
  CATASTROPHIC (drop)  N= 25   leaked     1  (   4%)   <- keep <=~2%   (bad-fix catch 96%)

wrote per-frame rows -> handoff/shadowpc-cov-finishhold-verify-2026-06-08/cov_sweep/char_g0_k1.5.json
######## gate 1  K=1.5 ########
bundle=course_g1  run=20260607_194615_course_60s  n_frames=60  range [0.057, 15.146] m  weights=gate_yolo11s_curriculum_v2.pt  gates=6

DETECTION: 59/60 frames had >=1 detection; 54/60 associated + solved a pose.

 range gid  bear   spd    sc  nc reproj  rngErr    offN    offE    offD  |fix|    maha
   0.7   1  23.9   4.1  0.40   4  10.74   +4.23   +3.88   +0.91   +1.51   4.26  1867.8
   1.4   1  23.9   4.4  0.31   4   0.51  +11.53  +10.45   +4.93   +1.29  11.63   439.2
   2.6   1  21.9   5.0  0.86   4   0.44   +9.35   +9.19   -1.99   -0.57   9.42   433.2
   3.1   1  19.4   5.1  0.52   4   0.62   +8.65   +8.01   -2.70   +2.80   8.90   337.2
   4.0   1  14.5   5.3  0.67   3   0.00   -0.88   -0.89   +0.13   -0.15   0.91     1.0
   4.5   1  11.6   5.4  0.65   3   0.00   -0.91   -0.92   +0.18   -0.25   0.97     1.2
   4.9   1  11.5   5.3  0.29   4   9.88   -0.86   -0.88   -0.03   -0.43   0.98    53.7
   5.4   1  11.2   5.3  0.73   4   4.30   +4.14   +4.02   -1.72   +0.03   4.37   143.4
   5.8   1  11.8   5.3  0.74   4   1.10   +2.91   +2.81   -1.49   +0.06   3.18   170.0
   6.3   1  11.7   5.3  0.67   4   2.28   +2.85   +2.77   -1.41   +0.18   3.11   125.9
   6.9   1  11.3   5.3  0.79   4   1.03   +2.58   +2.53   -1.24   -0.00   2.82   100.9
   7.2   1  11.8   5.3  0.76   4   0.91   +5.58   +5.52   -1.55   -0.03   5.73   109.5
   8.6   1  11.6   5.4  0.88   4   0.11   -0.44   -0.45   +0.13   -0.23   0.53     7.4
   9.5   1  11.6   5.3  0.92   4   1.73   -0.14   -0.14   +0.08   -0.18   0.24     1.6
  10.0   1  11.9   5.4  0.91   4   0.28   -0.03   -0.03   -0.00   -0.28   0.28     2.5
  10.6   1  12.1   5.4  0.92   4   1.07   -0.14   -0.15   +0.12   -0.26   0.32     2.7
  10.9   1  12.1   5.3  0.92   4   1.03   -0.37   -0.38   +0.19   -0.22   0.48     3.7
  11.4   1  11.9   5.4  0.93   4   0.66   +0.22   +0.21   +0.18   -0.24   0.37     2.2
  11.9   1  12.5   5.3  0.89   4   0.93   -0.86   -0.87   +0.15   -0.16   0.89     5.6
  12.3   1  12.5   5.3  0.93   4   1.16   +0.13   +0.11   +0.32   -0.19   0.39     2.8
  15.5   2  12.6   5.5  0.27   3   0.00  -13.04  -13.21   +1.23   +0.99  13.31   217.5
  16.4   2  13.0   5.5  0.26   4   0.44   -2.98   -3.00   -0.13   -0.12   3.00    24.0
  17.3   2  13.4   5.5  0.74   4   0.33   -1.40   -1.43   -0.31   -0.37   1.51     7.1
  17.8   2  13.6   5.5  0.85   4   0.37   +0.50   +0.45   -0.46   -0.53   0.83     4.3
  18.4   2  13.9   5.6  0.90   4   0.47   -0.51   -0.57   -0.42   -0.43   0.82     4.5
  18.8   2  14.8   5.7  0.79   4   0.09   -1.50   -1.53   -0.23   -0.26   1.57     4.6
  19.3   2  14.8   5.6  0.84   4   0.09   -1.44   -1.51   -0.45   -0.41   1.63     7.9
  19.7   2  15.3   5.7  0.85   4   0.08   -0.37   -0.46   -0.56   -0.55   0.91     6.0
  20.2   2  15.7   5.9  0.86   4   0.09   -0.64   -0.73   -0.56   -0.63   1.12     7.5
  20.8   2  16.1   5.9  0.89   4   0.13   -0.22   -0.36   -0.83   -0.80   1.21    10.9
  21.2   2  16.4   6.2  0.90   4   0.36   -0.38   -0.55   -0.91   -0.87   1.38    13.3
  21.8   2  15.7   6.3  0.90   4   0.29   +0.65   +0.36   -1.47   -1.19   1.92    20.6
  22.4   2  14.6   6.4  0.91   4   0.28   -0.29   -0.66   -1.66   -1.21   2.15    30.4
  22.7   2  13.6   6.8  0.91   4   0.13   +0.86   +0.49   -1.78   -1.20   2.20    23.0
  23.3   2  12.2   6.8  0.80   4   0.14   -1.58   -1.65   -0.16   -0.35   1.70     3.7
  29.3   2  24.3   3.8  0.89   4   0.23   -1.52   -0.98   +1.09   +1.72   2.26    12.6
  36.5   2  26.5   5.3  0.69   4   0.25   -7.26   -7.04   +0.77   +1.61   7.26     7.8
  37.2   2  26.3   5.3  0.47   4   0.42   -2.58   -2.52   +0.28   +0.49   2.58     0.5
  38.0   2  25.8   5.4  0.32   4   0.15   -4.91   -4.74   +0.65   +1.11   4.91     2.2
  55.1   3  25.3   5.5  0.31   4   0.89  -42.56  -42.10   -0.46  +11.02  43.52 12427.3
  62.9   3  14.8   8.3  0.82   4   0.17  -38.59  -39.62   +6.95   +8.54  41.13  3007.7
  63.2   3  15.6   8.8  0.87   4   0.14  -38.28  -39.37   +7.02   +8.16  40.81  2759.4
  63.7   3  17.0   8.4  0.59   4   0.27  -41.06  -41.68   +5.71   +9.02  43.02  3190.6
  64.0   3  18.3   8.1  0.87   4   0.08  -39.09  -39.83   +6.03   +8.31  41.13  2334.5
  64.5   3  20.2   7.5  0.78   4   0.13  -43.05  -43.37   +4.69   +9.53  44.65  3425.3
  65.0   3  21.9   6.8  0.84   4   0.19  -42.15  -42.78   +5.39   +9.18  44.09  3242.0
  65.3   3  22.3   6.4  0.87   4   0.10  -42.75  -43.39   +5.31   +9.34  44.70  3480.5
  65.8   3  21.9   5.8  0.85   4   0.27  -44.87  -45.24   +4.59  +10.16  46.60  4221.7
  66.0   3  21.3   5.4  0.87   4   0.83  -42.78  -43.44   +5.40   +9.50  44.79  3258.1
  66.5   3  18.5   4.7  0.90   4   0.23  -39.53  -40.10   +5.81   +8.93  41.49  1868.3
  66.9   3  15.7   4.3  0.90   4   0.13  -44.91  -43.74   +1.62  +11.86  45.35  1398.6
  67.2   3  15.4   4.0  0.90   4   0.11  -37.47  -36.00   +0.04  +10.64  37.54   176.3
 109.5   5  10.9   7.4  0.82   4   0.16  -86.46  -86.01   +2.30  +12.22  86.91  3920.4
 114.6   5  25.4   4.0  0.72   4   1.23 -107.23 -105.50   -3.65  +21.25 107.68 411620.3

BY RANGE BAND:
        band frames  det% assoc% fix_p50 fix_p90 fix_max rngErr_p50
      1.8-5m     23  100%    83%   41.13   45.60  107.68      39.09
       5-10m     18   94%    94%    3.11   40.94   86.91       2.85
      10-15m     18  100%    94%    0.91    2.18   43.52       0.50
      15-24m      1  100%   100%   13.31   13.31   13.31      13.04

TAIL: 42/54 fixes are wrong-gate or |fix|>=3 m (frontal-PnP depth flip / background gate). Clean subset = gate 1, |fix|<3 m, N=12.
ROBUST WORLD-FIX OFFSET FIT  off = intercept + slope*range  (intercept = noise floor; slope -> angular/calibration bias):
  N:  intercept -0.50 m   slope +0.040 m/m  (= +2.3 deg)
  E:  intercept -0.33 m   slope +0.040 m/m  (= +2.3 deg)
  D:  intercept -0.24 m   slope +0.003 m/m  (= +0.2 deg)
  clean |fix|  p50 0.50  p90 0.98  max 2.82 m

FULL SET (N=54, tail included):
  WORLD-FIX |error|  p50 2.91  p90 44.69  max 107.68 m
  REPROJ px          p50 0.28  p90 1.21  max 10.74
  fix-cov Mahalanobis (off^T cov^-1 off, dof=3, chi2.999=16.27): p50 27  -> the analytic PnP cov UNDERSTATES the true fix error if >>16.

GATE TRADE-OFF  (chi2_0.999=16.27, cov_inflation=1.50, good<1 m, catastrophic>=3 m):
  GOOD fixes (keep)    N= 14   rejected   1  (   7%)   <- minimise (good-fix yield loss; target <5%)
  CATASTROPHIC (drop)  N= 27   leaked     2  (   7%)   <- keep <=~2%   (bad-fix catch 93%)

wrote per-frame rows -> handoff/shadowpc-cov-finishhold-verify-2026-06-08/cov_sweep/char_g1_k1.5.json
######## gate 2  K=1.5 ########
bundle=course_g2  run=20260607_194615_course_60s  n_frames=60  range [0.136, 20.44] m  weights=gate_yolo11s_curriculum_v2.pt  gates=6

DETECTION: 58/60 frames had >=1 detection; 49/60 associated + solved a pose.

 range gid  bear   spd    sc  nc reproj  rngErr    offN    offE    offD  |fix|    maha
   0.8   2  23.5   4.2  0.73   4   6.31   +3.93   +3.56   +0.93   +1.56   4.00  1710.9
   2.3   2  22.7   4.8  0.26   4   1.01  +12.15  +11.94   -2.40   -0.23  12.18   290.6
   2.8   2  20.8   5.0  0.30   4   1.57   +9.58   +9.41   -1.92   -0.53   9.61   378.8
   3.4   2  17.7   5.2  0.83   4   0.32   +8.24   +8.08   -1.80   -0.42   8.29   350.4
   4.0   2  14.3   5.3  0.95   4   1.99   -0.13   -0.15   -0.06   -0.35   0.39    32.4
   4.5   2  11.8   5.3  0.75   3   0.00   -0.96   -0.97   -0.12   -0.11   0.98     1.2
   5.2   2  11.2   5.4  0.86   4  17.33   -1.09   -1.10   +0.09   -0.40   1.17    26.2
   7.0   2  11.8   5.3  0.91   4   1.64   -0.42   -0.42   -0.03   -0.22   0.47    21.0
   7.5   2  11.5   5.4  0.90   4   3.09   -1.00   -1.00   -0.07   -0.15   1.01    39.2
   8.2   2  11.3   5.3  0.92   4   0.19   +0.27   +0.27   -0.03   -0.30   0.41     5.2
   8.8   2  11.2   5.5  0.87   4   2.10   -0.76   -0.77   -0.07   -0.21   0.80    12.8
   9.2   2  12.0   5.3  0.89   4   1.34   -0.24   -0.24   -0.10   -0.23   0.34     3.3
  10.0   2  12.0   5.3  0.89   4   0.58   -0.46   -0.46   -0.11   -0.21   0.52     4.2
  10.5   2  12.0   5.3  0.84   4   0.30   -0.81   -0.82   -0.12   -0.19   0.85     8.0
  11.1   2  11.7   5.4  0.92   4   0.53   +0.48   +0.47   -0.17   -0.27   0.57     3.1
  11.7   2  11.9   5.4  0.44   4   0.56   -0.68   -0.70   -0.21   -0.13   0.74     4.5
  12.3   2  12.2   5.4  0.88   4   0.30   +0.56   +0.54   -0.30   -0.16   0.64     2.7
  13.0   2  12.5   5.3  0.63   4   0.50   -1.40   -1.43   -0.40   -0.09   1.49    15.0
  14.0   2  12.1   5.5  0.88   4   0.36   -0.16   -0.18   -0.34   -0.29   0.48     3.5
  14.8   2  12.1   5.5  0.70   4   0.39   -2.82   -2.84   -0.25   -0.11   2.85    35.1
  15.3   2  12.8   5.4  0.86   4   1.01   +0.42   +0.38   -0.42   -0.31   0.65     3.3
  20.5   3  11.7   5.4  0.86   4   0.27   +0.87   +0.83   +0.64   -0.39   1.11     3.6
  21.1   3  12.1   5.4  0.65   4   0.30   -0.73   -0.76   +0.59   -0.33   1.02     4.4
  21.8   3  12.2   5.5  0.42   4   0.18   -1.89   -1.93   +0.54   -0.25   2.02     6.2
  22.3   3  12.4   5.4  0.63   4   0.16   -3.83   -3.86   +0.35   -0.25   3.88    14.2
  22.9   3  12.4   5.4  0.71   4   0.21   -1.97   -2.01   +0.55   -0.48   2.14     7.3
  23.6   3  12.6   5.5  0.81   4   0.18   -1.41   -1.47   +0.70   -0.40   1.67     6.3
  24.1   3  12.5   5.5  0.87   4   0.16   -0.40   -0.47   +0.79   -0.48   1.04     5.4
  24.8   3  12.7   5.5  0.84   4   0.20   -4.01   -4.07   +0.44   -0.35   4.11    13.3
  25.4   3  12.8   5.6  0.87   4   0.22   -2.87   -2.95   +0.65   -0.44   3.05    10.1
  25.9   3  13.4   5.6  0.55   4   0.17   -5.89   -5.94   +0.26   -0.16   5.95    23.9
  26.7   3  13.8   5.7  0.89   4   0.10   +0.44   +0.32   +1.05   -0.67   1.28     6.3
  27.2   3  13.8   5.7  0.52   4   0.26   -5.59   -5.66   +0.36   -0.33   5.69    20.7
  28.5   3  14.3   5.9  0.71   4   0.09   -4.74   -4.89   +0.69   -0.59   4.97    20.6
  29.1   3  14.7   6.1  0.88   4   0.15   -1.02   -1.30   +1.57   -1.10   2.31    18.2
  29.8   3  14.5   6.5  0.82   4   0.09   -1.31   -1.87   +2.65   -1.65   3.64    47.4
  30.4   3  13.3   6.7  0.26   4   0.41  -22.07  -22.02   -2.05   +2.02  22.21  6788.5
  31.0   3  10.7   6.8  0.49   4   1.62  -24.37  -24.35   -2.16   +2.08  24.54 23416.7
  31.8   3   8.0   7.6  0.46   4   1.16  -23.52  -23.39   -2.63   +2.91  23.72  9491.1
  56.5   4  11.8   8.3  0.88   4   0.08  -28.99  -29.55   -6.51   +0.96  30.27   749.4
  58.6   4  13.8   7.6  0.75   4   0.14  -24.12  -25.07   -8.46   +0.41  26.46   554.6
  59.6   4  31.7   6.4  0.85   4   0.23  -11.23  -10.93   -5.01   +3.22  12.45    50.8
  81.7   5  29.1   8.7  0.37   4  16.31  -76.94  -76.60   -5.83   +8.59  77.30 259908.6
  83.0   5  19.1   6.8  0.75   4   0.21  -38.39  -37.83   -4.05   +5.72  38.47    48.9
  84.7   5  35.9   4.6  0.58   3   0.00  -79.71  -78.85   -5.49  +13.03  80.10  7824.0
  85.2   5  23.7   4.1  0.45   4  18.20  -81.66  -80.77   -6.61  +12.52  82.00 675695.5
  85.9   5  20.8   3.9  0.71   4   0.20  -52.32  -52.37   +2.06   +8.32  53.07   774.6
  91.3   5  20.3   5.3  0.52   4   1.65  -82.11  -81.26   -4.00  +11.53  82.17 78083.3
  91.8   5  20.3   5.3  0.77   4   1.80  -80.71  -79.87   -3.88  +11.41  80.77 34991.6

BY RANGE BAND:
        band frames  det% assoc% fix_p50 fix_p90 fix_max rngErr_p50
      1.8-5m     17   94%    71%   12.31   77.40   82.00      11.69
       5-10m     15   93%    73%    1.01   80.77   82.17       1.00
      10-15m     16  100%    88%    2.58   23.27   24.54       1.36
      15-24m     12  100%   100%    1.85    4.09    5.95       1.65

TAIL: 32/49 fixes are wrong-gate or |fix|>=3 m (frontal-PnP depth flip / background gate). Clean subset = gate 2, |fix|<3 m, N=17.
ROBUST WORLD-FIX OFFSET FIT  off = intercept + slope*range  (intercept = noise floor; slope -> angular/calibration bias):
  N:  intercept -0.44 m   slope -0.011 m/m  (= -0.6 deg)
  E:  intercept +0.18 m   slope -0.034 m/m  (= -2.0 deg)
  D:  intercept -0.29 m   slope +0.007 m/m  (= +0.4 deg)
  clean |fix|  p50 0.65  p90 1.30  max 2.85 m

FULL SET (N=49, tail included):
  WORLD-FIX |error|  p50 2.85  p90 57.91  max 82.17 m
  REPROJ px          p50 0.30  p90 2.29  max 18.20
  fix-cov Mahalanobis (off^T cov^-1 off, dof=3, chi2.999=16.27): p50 21  -> the analytic PnP cov UNDERSTATES the true fix error if >>16.

GATE TRADE-OFF  (chi2_0.999=16.27, cov_inflation=1.50, good<1 m, catastrophic>=3 m):
  GOOD fixes (keep)    N= 13   rejected   2  (  15%)   <- minimise (good-fix yield loss; target <5%)
  CATASTROPHIC (drop)  N= 24   leaked     3  (  12%)   <- keep <=~2%   (bad-fix catch 88%)

wrote per-frame rows -> handoff/shadowpc-cov-finishhold-verify-2026-06-08/cov_sweep/char_g2_k1.5.json
######## gate 3  K=1.5 ########
bundle=course_g3  run=20260607_194615_course_60s  n_frames=60  range [0.056, 20.396] m  weights=gate_yolo11s_curriculum_v2.pt  gates=6

DETECTION: 57/60 frames had >=1 detection; 55/60 associated + solved a pose.

 range gid  bear   spd    sc  nc reproj  rngErr    offN    offE    offD  |fix|    maha
   0.8   3  24.0   4.2  0.57   4   6.43   +5.64   +5.16   +0.95   +2.20   5.69   639.0
   5.7   3  11.3   5.3  0.30   4   1.50   +4.92   +4.66   +2.08   -1.08   5.21   206.2
   8.0   3  11.7   5.3  0.29   4   0.50   +6.52   +6.33   +2.03   -1.06   6.74   102.1
   8.5   3  11.5   5.3  0.52   4  15.42   -4.21   -4.61   +0.76   +1.55   4.92  4270.7
  12.4   4  11.7   5.4  0.93   4   0.57   +0.28   +0.23   -0.48   -0.36   0.65     6.9
  12.9   4  12.1   5.4  0.88   4   1.28   -1.19   -1.24   -0.40   -0.31   1.34    15.0
  13.4   4  12.3   5.4  0.93   4   0.63   -0.02   -0.08   -0.54   -0.34   0.64     7.3
  14.2   4  12.3   5.4  0.93   4   0.58   -0.23   -0.29   -0.58   -0.40   0.76     9.0
  14.7   3  11.5   5.4  0.44   4   0.70   +1.76   +1.76   -0.16   +0.02   1.77     3.5
  14.7   4  12.2   5.4  0.93   4   0.60   -0.39   -0.46   -0.55   -0.52   0.89    10.5
  15.2   4  11.9   5.5  0.92   4   0.65   -0.94   -1.02   -0.53   -0.44   1.23    11.9
  15.3   3  11.7   5.4  0.90   4   0.59   +0.69   +0.68   +0.34   -0.13   0.77     2.0
  15.8   4  12.1   5.5  0.92   4   0.42   -0.02   -0.12   -0.70   -0.52   0.88    10.0
  15.8   3  12.1   5.3  0.82   4   0.43   +0.16   +0.15   +0.30   -0.16   0.38     1.5
  16.3   4  12.5   5.5  0.93   4   0.44   -0.35   -0.44   -0.65   -0.58   0.98    10.9
  17.0   4  12.6   5.5  0.92   4   0.51   -0.39   -0.50   -0.71   -0.59   1.05    11.5
  17.6   4  12.5   5.5  0.92   4   0.40   -0.72   -0.85   -0.79   -0.63   1.32    15.0
  17.6   3  11.7   5.4  0.33   3   0.00  -16.03  -16.26   -0.73   +0.73  16.30   326.9
  18.1   3  11.8   5.4  0.35   4   0.56   -0.49   -0.50   +0.37   -0.22   0.66     2.3
  18.1   4  12.2   5.6  0.91   4   0.28   -0.48   -0.62   -0.82   -0.71   1.25    14.4
  18.6   4  12.0   5.6  0.92   4   0.30   -0.53   -0.70   -0.92   -0.69   1.34    15.4
  19.2   4  11.8   5.7  0.93   4   0.59   -0.92   -1.09   -0.87   -0.69   1.55    16.4
  19.4   3  12.2   5.3  0.51   4   0.56   -0.71   -0.73   +0.39   -0.25   0.86     2.6
  19.8   3  11.6   5.4  0.80   4   0.34   -0.71   -0.74   +0.38   -0.28   0.87     2.6
  19.9   4  11.4   5.7  0.92   4   0.64   -0.33   -0.51   -0.94   -0.71   1.28    13.1
  20.4   3  11.9   5.5  0.86   4   0.39   -1.00   -1.03   +0.47   -0.36   1.19     4.2
  20.4   4  11.3   5.6  0.90   4   0.28   -0.04   -0.18   -0.75   -0.54   0.94     6.8
  21.1   4  11.8   5.5  0.86   4   0.23   -0.87   -0.84   +0.25   -0.23   0.91     0.9
  21.5   4  12.9   5.5  0.85   4   0.60   +0.00   +0.17   +1.27   +0.10   1.28    11.3
  23.6   4  30.0   4.3  0.61   3   0.00  -19.10  -19.00   +3.21   +1.73  19.35   458.4
  24.9   4  24.3   4.1  0.89   4   0.15   -0.73   -0.73   +0.14   +1.96   2.10    22.0
  26.5   4  27.1   4.9  0.86   4   0.17   -2.77   -2.74   +0.47   -0.16   2.79     2.6
  27.2   4  24.4   5.1  0.58   4   0.19   -0.84   -0.82   +0.19   -0.11   0.85     0.2
  27.7   4  21.7   5.2  0.32   4   2.84  -15.70  -16.78   -1.39   +1.01  16.87  2678.7
  29.5   4  16.1   5.3  0.33   4   4.96  -21.72  -21.56   +2.74   +0.66  21.74  6309.2
  30.5   4  15.5   5.4  0.84   4   1.85  -21.28  -21.07   +2.91   +0.72  21.29  4612.4
  31.0   4  15.7   5.4  0.53   4   3.53  -21.58  -21.37   +2.90   +0.80  21.59  3239.4
  35.1   4  15.2   5.3  0.69   3   0.00  -33.62  -33.66   +3.72   +1.47  33.89  1414.7
  35.6   4  14.9   5.3  0.49   3   0.00  -33.99  -34.05   +3.68   +1.53  34.29  1447.1
  37.2   4  15.0   5.3  0.35   4   0.83  -28.72  -29.31   +0.57   +1.63  29.36 18174.6
  40.7   4  14.8   5.3  0.45   3   0.00  -37.89  -37.89   +3.46   +1.66  38.08  1783.8
  42.7   4  14.7   5.3  0.54   4   1.18  -30.89  -31.27   +0.25   -0.08  31.27  5852.4
  45.4   5   8.4   5.3  0.89   4   0.09  -23.04  -23.03   +0.18   +0.93  23.05   163.5
  46.1   5  13.9   5.0  0.63   4  16.58  -44.04  -44.04   +0.49   +1.13  44.05 5438597.8
  46.5   5  19.1   4.7  0.87   4   0.35  -23.76  -25.65   +9.32   -1.54  27.33  2326.2
  47.3   5  17.2   4.0  0.92   4   0.05  -23.05  -25.06   +9.94   -1.80  27.02  2068.7
  47.7   5  10.5   3.8  0.92   4   0.22  -21.93  -22.16   +4.18   +0.54  22.55   320.4
  51.6   5  17.1   5.4  0.62   4   0.52  -38.94  -39.12   +0.80   -0.91  39.14  6353.2
  55.0   5  13.6   5.3  0.38   4   1.88  -49.42  -49.42   +0.19   +1.17  49.44 196745.2
  56.7   5  13.2   5.4  0.53   4   3.07  -48.00  -47.99   +0.19   +1.25  48.00 23785.9
  57.3   5  13.5   5.3  0.36   4   1.68  -46.82  -46.80   +0.23   +1.18  46.82 13151.9
  59.6   5  13.1   5.4  0.54   4   1.30  -47.88  -47.86   +0.37   +1.13  47.88  8729.4
  60.1   5  13.6   5.3  0.64   4   0.73  -43.82  -43.81   +0.34   +1.28  43.83  2031.6
  61.3   5  13.4   5.3  0.33   4   0.47  -44.02  -44.01   +0.44   +1.23  44.03  1629.0
  61.9   5  13.3   5.3  0.69   4   0.53  -45.07  -45.06   +0.45   +1.20  45.07  1906.3

BY RANGE BAND:
        band frames  det% assoc% fix_p50 fix_p90 fix_max rngErr_p50
      1.8-5m     19   89%    84%   11.28   33.24   44.05      10.67
       5-10m     18  100%   100%    3.24   47.18   49.44       2.58
      10-15m     13   92%    92%   31.63   44.97   47.88      31.17
      15-24m     10  100%    90%    0.87   32.63   38.08       0.71

TAIL: 35/55 fixes are wrong-gate or |fix|>=3 m (frontal-PnP depth flip / background gate). Clean subset = gate 4, |fix|<3 m, N=20.
ROBUST WORLD-FIX OFFSET FIT  off = intercept + slope*range  (intercept = noise floor; slope -> angular/calibration bias):
  N:  intercept +0.59 m   slope -0.067 m/m  (= -3.8 deg)
  E:  intercept -1.72 m   slope +0.072 m/m  (= +4.1 deg)
  D:  intercept -1.43 m   slope +0.060 m/m  (= +3.4 deg)
  clean |fix|  p50 1.14  p90 1.61  max 2.79 m

FULL SET (N=55, tail included):
  WORLD-FIX |error|  p50 4.92  p90 44.04  max 49.44 m
  REPROJ px          p50 0.56  p90 2.98  max 16.58
  fix-cov Mahalanobis (off^T cov^-1 off, dof=3, chi2.999=16.27): p50 102  -> the analytic PnP cov UNDERSTATES the true fix error if >>16.

GATE TRADE-OFF  (chi2_0.999=16.27, cov_inflation=1.50, good<1 m, catastrophic>=3 m):
  GOOD fixes (keep)    N= 14   rejected   0  (   0%)   <- minimise (good-fix yield loss; target <5%)
  CATASTROPHIC (drop)  N= 28   leaked     0  (   0%)   <- keep <=~2%   (bad-fix catch 100%)

wrote per-frame rows -> handoff/shadowpc-cov-finishhold-verify-2026-06-08/cov_sweep/char_g3_k1.5.json
######## gate 4  K=1.5 ########
bundle=course_g4  run=20260607_194615_course_60s  n_frames=60  range [0.103, 12.181] m  weights=gate_yolo11s_curriculum_v2.pt  gates=6

DETECTION: 59/60 frames had >=1 detection; 56/60 associated + solved a pose.

 range gid  bear   spd    sc  nc reproj  rngErr    offN    offE    offD  |fix|    maha
   1.0   4  24.2   4.3  0.36   4   1.12  +15.73  +15.45   -3.02   +0.22  15.74   248.4
   3.6   4  16.2   5.3  0.28   4   0.53  +16.52  +16.19   -0.38   -3.64  16.60   147.4
   4.2   4  13.9   5.3  0.96   4   2.15   -0.16   -0.16   +0.00   -0.27   0.31    23.7
   4.6   4  12.2   5.3  0.95   4   1.25   -0.45   -0.46   -0.03   -0.29   0.54    74.6
   4.9   4  11.5   5.5  0.80   4   7.33   -0.90   -0.90   +0.03   -0.19   0.92   250.5
   6.3   4  11.7   5.4  0.49   4   0.37  +15.96  +15.36   -4.20   +2.47  16.11    87.7
   6.6   4  11.3   5.3  0.62   4   0.98   +8.20   +7.83   -3.02   -0.01   8.39   129.4
   7.0   4  11.7   5.3  0.44   4   0.92   +7.11   +6.77   -2.78   -0.11   7.31   125.5
   7.5   4  11.9   5.3  0.31   4   1.30   +7.97   +7.64   -2.85   -0.14   8.16   104.5
   7.9   4  11.8   5.4  0.27   4   0.79   +0.95   +0.95   +0.17   -0.32   1.01    15.7
   8.3   4  11.9   5.3  0.39   4   0.35   +0.42   +0.42   -0.03   -0.11   0.43     2.8
   8.7   4  11.6   5.3  0.84   4   1.50   -0.02   -0.03   -0.08   -0.20   0.22     2.0
   9.1   4  12.0   5.4  0.51   4   0.64   +0.46   +0.44   -0.29   -0.28   0.59     6.8
   9.6   4  12.0   5.3  0.87   4   2.19   -0.48   -0.50   -0.24   -0.22   0.60     7.4
  10.0   4  11.8   5.4  0.93   4   1.12   -0.21   -0.23   -0.24   -0.22   0.40     4.2
  10.4   4  12.1   5.3  0.86   4   1.38   -0.56   -0.58   -0.28   -0.23   0.69     8.0
  10.9   4  11.5   5.3  0.87   4   1.02   +0.39   +0.36   -0.38   -0.19   0.56     4.4
  11.3   4  12.1   5.3  0.91   4   0.83   +0.11   +0.07   -0.45   -0.28   0.53     6.7
  11.8   4  12.0   5.3  0.87   4   0.80   -0.19   -0.22   -0.40   -0.24   0.52     5.9
  12.1   5  11.7   5.4  0.93   4   1.00   -0.27   -0.29   +0.26   -0.22   0.44     3.2
  12.2   4  12.0   5.4  0.91   4   1.23   +0.23   +0.18   -0.52   -0.34   0.64     7.4
  12.4   5  12.2   5.3  0.91   4   0.99   +0.53   +0.50   +0.37   -0.28   0.68     4.1
  12.9   5  12.1   5.3  0.93   4   0.82   -0.10   -0.13   +0.38   -0.30   0.50     4.8
  13.3   5  12.0   5.5  0.92   4   0.82   -0.24   -0.28   +0.37   -0.31   0.56     5.0
  13.9   5  12.1   5.3  0.93   4   0.82   -0.45   -0.49   +0.40   -0.31   0.70     5.8
  14.2   5  11.7   5.5  0.92   4   0.64   -0.64   -0.69   +0.44   -0.38   0.90     8.2
  14.6   5  12.1   5.4  0.93   4   0.85   -0.90   -0.95   +0.42   -0.39   1.11     9.4
  15.1   5  11.8   5.5  0.92   4   0.52   -0.36   -0.41   +0.45   -0.36   0.71     5.8
  15.5   5  12.4   5.4  0.91   4   1.05   -0.01   -0.08   +0.59   -0.46   0.75     7.5
  16.0   5  12.3   5.4  0.91   4   1.00   -0.50   -0.57   +0.54   -0.45   0.91     8.3
  16.4   5  11.9   5.6  0.90   4   0.97   -1.24   -1.31   +0.45   -0.48   1.47    11.3
  16.8   5  12.1   5.4  0.90   4   0.70   +0.34   +0.26   +0.74   -0.47   0.92     7.9
  17.3   5  11.8   5.5  0.89   4   0.81   -1.47   -1.55   +0.51   -0.49   1.70    12.8
  17.7   5  12.4   5.5  0.85   4   0.49   -1.47   -1.54   +0.49   -0.47   1.69    11.6
  18.0   5  12.0   5.6  0.89   4   0.30   -1.17   -1.26   +0.59   -0.43   1.46    10.3
  18.6   5  12.1   5.5  0.89   4   0.38   -1.08   -1.17   +0.54   -0.45   1.36     8.7
  18.9   5  11.7   5.5  0.90   4   0.31   -0.86   -0.95   +0.59   -0.47   1.21     8.1
  19.5   5  11.8   5.6  0.90   4   0.29   -0.11   -0.19   +0.55   -0.44   0.73     4.5
  19.8   5  11.8   5.5  0.87   4   0.77   -0.26   -0.33   +0.45   -0.38   0.67     3.3
  20.2   5  11.9   5.6  0.60   4   0.53   -0.32   -0.34   +0.12   -0.25   0.44     0.8
  21.1   5  12.6   5.3  0.89   4   0.08   -1.18   -1.04   -1.39   -0.01   1.74    14.4
  21.6   5  14.4   5.4  0.86   4   0.25   -1.17   -0.96   -3.00   +0.13   3.15    69.8
  21.9   5  16.2   5.0  0.87   4   0.15   +0.89   +1.09   -4.32   +0.11   4.46   111.8
  22.3   5  18.5   5.1  0.90   4   0.35   -0.71   -0.66   -6.11   -0.24   6.15   259.9
  22.7   5  21.3   4.7  0.90   4   0.16   +1.33   +0.80   -9.37   -0.94   9.46   441.7
  23.7   5  19.7   4.0  0.89   4   0.06   +1.50   +1.03   -9.42   -1.12   9.54   404.1
  24.0   5  15.9   3.9  0.92   4   0.14   +1.61   +1.83   -5.15   +0.68   5.51   126.3
  24.3   5  19.1   3.9  0.93   4   0.17   -1.45   -1.38   -0.59   +1.06   1.83     8.8
  24.6   5  30.1   4.1  0.41   4   0.22  -12.58  -13.91   +2.02   +2.83  14.33  2546.6
  25.3   5  28.7   4.5  0.77   4   0.14   +4.34   +4.28   +0.80   +0.10   4.35     2.0
  25.6   5  28.1   4.6  0.87   4   0.04   +1.22   +1.19   +0.28   -0.02   1.22     0.3
  26.1   5  26.4   4.8  0.89   4   0.35   -1.40   -1.38   -0.26   -0.11   1.41     0.6
  26.4   5  25.5   4.9  0.90   4   0.30   -2.73   -2.69   -0.41   +0.04   2.73     2.2
  26.7   5  24.2   5.1  0.81   4   0.25   +0.21   +0.22   -0.07   +0.01   0.23     0.0
  29.3   5  15.1   5.3  0.37   4   2.28  -20.21  -20.12   -2.08   -0.02  20.23  4349.1
  29.7   5  14.7   5.4  0.56   4   1.91  -19.68  -19.61   -2.01   -0.25  19.71  3098.4

BY RANGE BAND:
        band frames  det% assoc% fix_p50 fix_p90 fix_max rngErr_p50
      1.8-5m     26   96%    85%    2.28   13.85   16.60       1.20
       5-10m     23  100%   100%    1.21   14.57   20.23       0.95
      10-15m     11  100%   100%    0.56    0.69    0.70       0.24

TAIL: 30/56 fixes are wrong-gate or |fix|>=3 m (frontal-PnP depth flip / background gate). Clean subset = gate 5, |fix|<3 m, N=26.
ROBUST WORLD-FIX OFFSET FIT  off = intercept + slope*range  (intercept = noise floor; slope -> angular/calibration bias):
  N:  intercept +0.06 m   slope -0.039 m/m  (= -2.2 deg)
  E:  intercept +1.29 m   slope -0.057 m/m  (= -3.2 deg)
  D:  intercept -0.97 m   slope +0.039 m/m  (= +2.2 deg)
  clean |fix|  p50 0.91  p90 1.72  max 2.73 m

FULL SET (N=56, tail included):
  WORLD-FIX |error|  p50 1.06  p90 11.94  max 20.23 m
  REPROJ px          p50 0.78  p90 1.44  max 7.33
  fix-cov Mahalanobis (off^T cov^-1 off, dof=3, chi2.999=16.27): p50 8  -> the analytic PnP cov UNDERSTATES the true fix error if >>16.

GATE TRADE-OFF  (chi2_0.999=16.27, cov_inflation=1.50, good<1 m, catastrophic>=3 m):
  GOOD fixes (keep)    N= 27   rejected   3  (  11%)   <- minimise (good-fix yield loss; target <5%)
  CATASTROPHIC (drop)  N= 16   leaked     1  (   6%)   <- keep <=~2%   (bad-fix catch 94%)

wrote per-frame rows -> handoff/shadowpc-cov-finishhold-verify-2026-06-08/cov_sweep/char_g4_k1.5.json
######## gate 5  K=1.5 ########
bundle=course_g5  run=20260607_194615_course_60s  n_frames=60  range [0.436, 11.902] m  weights=gate_yolo11s_curriculum_v2.pt  gates=6

DETECTION: 56/60 frames had >=1 detection; 45/60 associated + solved a pose.

 range gid  bear   spd    sc  nc reproj  rngErr    offN    offE    offD  |fix|    maha
   0.7   5  23.2   4.2  0.29   3   0.00  +15.92  +15.52   -3.75   +0.21  15.96   314.6
   1.0   5  24.0   4.3  0.35   3   0.00  +15.45  +15.05   -3.73   +0.15  15.50   296.6
   1.1   5  23.4   4.3  0.73   4   3.09   +7.77   +7.32   +1.10   +2.49   7.81   539.9
   1.3   5  23.6   4.5  0.67   4   0.34   +9.67   +9.20   +1.32   +2.80   9.71   488.5
   1.5   5  24.4   4.6  0.57   3   0.00  +11.92  +11.61   -2.96   -0.03  11.98   177.1
   1.6   5  24.4   4.5  0.35   3   0.00  +10.86  +10.56   -2.81   -0.02  10.93   147.4
   1.8   5  23.7   4.6  0.55   3   0.00   +8.66   +8.41   -2.38   -0.06   8.74    94.3
   2.2   5  23.2   4.8  0.59   3   0.00   +6.82   +6.60   -2.11   +0.08   6.93    59.2
   3.1   5  19.6   5.1  0.35   4   0.97   +8.25   +7.63   -2.52   +2.78   8.50   351.2
   4.1   5  13.9   5.3  0.70   3   0.00   -0.58   -0.58   -0.10   -0.24   0.64     0.5
   4.3   5  12.9   5.3  0.87   3   0.00   -0.13   -0.15   +0.18   -0.41   0.47     0.3
   4.6   5  12.0   5.3  0.40   3   0.00   -0.47   -0.48   +0.00   -0.34   0.58     0.4
   4.8   5  11.3   5.5  0.48   3   0.00   -1.61   -1.61   -0.20   -0.11   1.63     3.3
   5.0   5  11.0   5.4  0.51   4   1.41   -0.70   -0.71   +0.01   -0.38   0.81   109.5
   5.2   5  11.3   5.3  0.44   4   0.51   +6.69   +6.54   -0.19   -1.98   6.83   208.1
   5.3   5  11.5   5.3  0.25   3   0.00   -0.85   -0.85   -0.38   -0.26   0.97     1.1
   5.5   5  11.4   5.4  0.86   4   2.67   +2.81   +2.73   -1.44   +0.12   3.09   165.7
   5.7   5  10.9   5.3  0.83   4   1.40   +3.37   +3.29   -1.47   +0.10   3.60   169.9
   6.1   5  11.7   5.3  0.69   4   1.49   +3.95   +3.87   -1.51   +0.20   4.16   152.4
   6.3   5  11.8   5.3  0.75   4   2.75   +2.36   +2.31   -1.22   +0.21   2.62   108.2
   6.4   5  11.6   5.4  0.45   4   1.46   +4.88   +4.81   -1.57   +0.10   5.06   137.4
   6.6   5  11.5   5.3  0.56   4   2.32   +4.05   +4.00   -1.40   +0.16   4.24   115.2
   6.8   5  11.8   5.3  0.45   4   1.20   +3.70   +3.64   -1.42   +0.21   3.91   119.2
   6.9   5  11.8   5.3  0.76   4   0.18   +8.93   +8.53   +3.00   -1.49   9.16   133.8
   7.1   5  11.5   5.4  0.59   4   1.46   +2.38   +2.34   -1.17   +0.24   2.63    87.3
   7.5   5  11.8   5.3  0.59   4   1.93   +4.63   +4.59   -1.37   +0.12   4.79    90.7
   7.6   5  11.7   5.3  0.57   4   0.61   +4.19   +4.16   -1.25   +0.12   4.34    89.5
   7.8   5  11.4   5.4  0.34   4   1.93   +0.79   +0.78   +0.24   +0.10   0.82    10.2
   8.0   5  11.4   5.3  0.64   4   2.14   +3.97   +3.95   -1.16   +0.08   4.12    70.4
   8.1   5  11.8   5.3  0.66   4   0.04   +5.20   +5.17   -1.24   +0.15   5.32    81.0
   8.3   5  11.9   5.3  0.34   4   0.86   +6.98   +6.67   +2.46   -1.24   7.22   100.0
   8.7   5  11.7   5.3  0.38   4   1.06   +4.91   +4.90   -1.21   +0.10   5.05    67.8
   9.2   5  11.6   5.4  0.38   4   1.95   -0.20   -0.20   +0.05   -0.04   0.21     0.6
   9.6   5  11.9   5.3  0.29   4   1.49   +0.22   +0.21   +0.23   -0.11   0.33     2.2
   9.8   5  11.7   5.4  0.85   4   1.52   -0.09   -0.10   +0.15   -0.15   0.23     1.6
  10.1   5  11.6   5.3  0.93   4   1.27   +0.25   +0.24   +0.20   -0.21   0.38     2.6
  10.3   5  11.9   5.3  0.90   4   1.04   +0.35   +0.34   +0.21   -0.21   0.45     2.9
  10.5   5  11.8   5.4  0.86   4   1.20   -0.02   -0.04   +0.20   -0.15   0.25     1.9
  10.6   5  11.5   5.4  0.94   4   1.08   +0.07   +0.06   +0.21   -0.22   0.31     2.5
  10.8   5  11.7   5.3  0.94   4   1.06   -0.36   -0.37   +0.17   -0.13   0.43     2.5
  11.0   5  12.0   5.3  0.93   4   0.97   +0.09   +0.08   +0.22   -0.17   0.29     2.0
  11.3   5  11.8   5.4  0.94   4   1.02   +0.09   +0.07   +0.20   -0.19   0.29     1.9
  11.5   5  11.9   5.3  0.94   4   0.96   -0.36   -0.37   +0.15   -0.18   0.44     2.3
  11.8   5  12.1   5.3  0.94   4   0.83   -0.12   -0.13   +0.22   -0.18   0.31     2.1
  11.9   5  11.8   5.4  0.93   4   1.01   +0.00   -0.01   +0.23   -0.21   0.31     2.1

BY RANGE BAND:
        band frames  det% assoc% fix_p50 fix_p90 fix_max rngErr_p50
      1.8-5m     26   92%    54%    8.16   14.44   15.96       8.01
       5-10m     24   92%    88%    4.12    6.83    9.16       3.95
      10-15m     10  100%   100%    0.31    0.44    0.45       0.11

TAIL: 23/45 fixes are wrong-gate or |fix|>=3 m (frontal-PnP depth flip / background gate). Clean subset = gate 5, |fix|<3 m, N=22.
ROBUST WORLD-FIX OFFSET FIT  off = intercept + slope*range  (intercept = noise floor; slope -> angular/calibration bias):
  N:  intercept -0.28 m   slope +0.037 m/m  (= +2.1 deg)
  E:  intercept -0.60 m   slope +0.069 m/m  (= +3.9 deg)
  D:  intercept -0.20 m   slope +0.006 m/m  (= +0.3 deg)
  clean |fix|  p50 0.43  p90 1.56  max 2.63 m

FULL SET (N=45, tail included):
  WORLD-FIX |error|  p50 3.09  p90 9.49  max 15.96 m
  REPROJ px          p50 1.02  p90 2.06  max 3.09
  fix-cov Mahalanobis (off^T cov^-1 off, dof=3, chi2.999=16.27): p50 81  -> the analytic PnP cov UNDERSTATES the true fix error if >>16.

GATE TRADE-OFF  (chi2_0.999=16.27, cov_inflation=1.50, good<1 m, catastrophic>=3 m):
  GOOD fixes (keep)    N= 19   rejected   1  (   5%)   <- minimise (good-fix yield loss; target <5%)
  CATASTROPHIC (drop)  N= 23   leaked     0  (   0%)   <- keep <=~2%   (bad-fix catch 100%)

wrote per-frame rows -> handoff/shadowpc-cov-finishhold-verify-2026-06-08/cov_sweep/char_g5_k1.5.json
