== 20260630_042447_vq2_slow_seeker_a10_f1 ==  367 nav-estimate records
vision POSITION fixes (finite tsv): 0  (map-free => navigator absolute fix never fires; EXPECTED)
attitude stability (low std = no runaway): pitch +9+-14  roll +6+-3  yaw +12+-9 deg
ticks with active steering (|cmd_rate|>0.05 on any axis): 17/367 (5%)  -> mostly drifting, not pursuing

  t(s)  roll pitch  yaw   pos(x,y,z)            cmd_rate[r,p,y]      thr
   0.0   +0    +0   +0  (   +0.0,   +0.0,   +0.0)  [+0.00,+0.00,-0.00] +0.27
   1.2   +0    -3   -0  (   +1.7,   +0.0,   -0.7)  [-0.00,+1.50,-0.09] +0.09
   2.4   +1   +26   +3  (   +2.3,   +0.1,   -1.4)  [+0.00,+0.00,+0.00] +0.37
   3.5   +1   +26   +4  (   -1.9,   +0.3,   -0.8)  [+0.00,+0.00,+0.00] +0.37
   4.6   +1   +18   +4  (  -10.6,   +0.6,   -0.8)  [+0.00,+0.00,+0.00] +0.16
   5.9   +7   +11  +11  (  -19.6,   +0.1,   -1.7)  [+0.00,+0.00,-0.00] +0.37
   7.1   +8   +12  +11  (  -30.2,   -1.9,   -1.4)  [+0.00,+0.00,-0.00] +0.16
   8.4   +8   +12  +11  (  -44.6,   -5.6,   -1.4)  [+0.00,+0.00,-0.00] +0.37
   9.6   +8   +12  +12  (  -61.1,  -10.5,   -1.2)  [+0.00,+0.00,-0.00] +0.16
  10.8   +8   +13  +12  (  -80.3,  -16.6,   -1.0)  [+0.00,+0.00,-0.00] +0.37
  12.0   +9   +13  +12  ( -103.0,  -24.2,   -0.7)  [+0.00,+0.00,-0.00] +0.16
  13.1   +8   +13  +12  ( -128.8,  -33.1,   -0.4)  [+0.00,+0.00,-0.00] +0.37
  14.3   +8   +13  +12  ( -158.0,  -43.3,   +0.1)  [+0.00,+0.00,-0.00] +0.16
  15.5   +8   +13  +12  ( -190.3,  -54.7,   +0.5)  [+0.00,+0.00,-0.00] +0.37
  16.6   +8   +13  +12  ( -226.3,  -67.7,   +0.9)  [+0.00,+0.00,-0.00] +0.27
  17.8   +8   +13  +12  ( -265.3,  -81.8,   +1.1)  [+0.00,+0.00,-0.00] +0.16
  18.9   +9   +13  +12  ( -307.3,  -97.2,   +1.4)  [+0.00,+0.00,-0.00] +0.37
  20.1   +8   +13  +12  ( -352.0, -113.7,   +1.8)  [+0.00,+0.00,-0.00] +0.16
  21.2   +8   +13  +12  ( -400.7, -131.6,   +2.0)  [+0.00,+0.00,-0.00] +0.37
  22.3   +8   +13  +12  ( -452.2, -150.6,   +2.3)  [+0.00,+0.00,-0.00] +0.16
  23.5   +8   +13  +12  ( -508.3, -171.4,   +2.6)  [+0.00,+0.00,-0.00] +0.37
  24.7   +9   +13  +12  ( -571.2, -194.7,   +3.2)  [+0.00,+0.00,-0.00] +0.37
  25.9   +9   +13  +12  ( -636.8, -219.0,   +3.5)  [+0.70,-1.50,-0.35] +0.60
  27.1   -1   -21  +29  ( -703.2, -244.3,   -1.3)  [+0.00,+0.00,-0.00] +0.16
  28.1   +2   -37  +48  ( -755.3, -267.3,   -2.6)  [+0.00,+0.00,-0.00] +0.17

  frame   ~t   n_gates  nearest_range_m   (is the gate visible to chase?)
      0   0.0s      1       10.3
     62   2.1s      1       10.2
    124   4.1s      1       29.6
    186   6.2s      1       36.1
    248   8.3s      1       34.9
    310  10.3s      2       10.3
    372  12.4s      2        9.3
    434  14.5s      2        9.3
    496  16.5s      2        9.3
    558  18.6s      2       30.6
    620  20.7s      0         --
    682  22.7s      0         --
    744  24.8s      0         --
    806  26.9s      0         --
    868  28.9s      0         --
    930  31.0s      0         --
    992  33.1s      0         --
   1054  35.1s      0         --
   1116  37.2s      0         --
   1178  39.3s      0         --
   1240  41.3s      0         --
   1302  43.4s      0         --
   1364  45.5s      0         --
